image: carto_map2.pgm
resolution: 0.050000
origin: [-7.913377, -9.456998, 0.000000]
negate: 0
occupied_thresh: 0.65
free_thresh: 0.196

